0 0
5 1
8 2
9 2
10 0
37 3
43 4
45 2
49 0
50 0
55 4
57 4
59 5
64 4
73 4
77 2
79 1
80 2
81 2
90 2
92 2
95 0
96 2
99 2
109 2
112 1
113 0
118 2
120 0
135 4
137 2
147 2
148 2
156 3
157 2
159 1
160 2
173 2
179 2
181 2
182 2
189 2
190 2
193 2
194 2
195 2
196 2
199 2
200 3
203 2
204 2
206 2
209 2
213 2
216 0
217 5
223 2
226 2
228 4
229 2
235 2
236 2
237 2
238 2
240 2
241 2
242 2
244 2
246 2
250 6
251 2
256 7
262 2
264 7
265 6
266 7
267 7
269 2
271 2
277 6
279 6
280 6
283 2
285 7
286 2
290 7
291 6
293 7
296 2
298 2
304 7
305 7
306 7
307 2
310 7
313 7
317 2
323 7
324 2
326 2
327 6
328 6
329 6
330 6
333 6
334 6
338 6
340 7
341 6
345 6
347 7
349 7
352 6
354 6
355 7
357 7
382 6
385 6
386 6
392 7
397 6
407 6
411 6
415 6
420 6
431 7
438 6
439 6
441 7
471 6
488 6
489 6
496 6
506 6
508 6
534 6
535 6
539 6
554 6
556 6
566 6
567 7
571 6
575 6
586 2
594 7
616 6
619 7
621 6
624 6
626 2
627 2
629 6
639 2
640 2
641 8
652 2
662 6
664 2
667 2
668 2
669 2
672 2
677 2
678 2
685 2
686 2
696 2
697 1
736 3
740 0
805 3
806 3
817 3
872 9
881 3
1008 0
1013 3
1019 3
1027 3
1037 3
1048 3
1061 3
1082 2
1087 3
1096 2
1097 3
1098 2
1099 9
1102 2
1103 2
1104 5
1106 3
1107 2
1114 2
1116 5
1120 5
1124 3
1125 2
1130 3
1132 3
1135 3
1145 3
1147 2
1151 3
1161 2
1169 10
1170 2
1171 2
1173 2
1175 2
1177 5
1179 2
1185 2
1186 2
1187 2
1188 2
1189 2
1190 2
1191 2
1194 2
1196 2
1198 2
1200 2
1203 2
1206 2
1207 2
1208 2
1209 2
1210 2
1212 2
1213 2
1214 2
1220 2
1221 2
1223 2
1224 2
1225 2
1227 2
1228 2
1233 2
1236 2
1239 6
1240 6
1241 2
1242 2
1245 2
1246 6
1248 2
1249 6
1251 6
1259 6
1260 6
1262 6
1266 6
1268 6
1269 2
1270 6
1274 6
1275 6
1278 6
1282 2
1285 6
1286 6
1293 6
1300 6
1302 6
1305 2
1309 2
1310 6
1314 7
1317 6
1318 7
1330 6
1331 6
1336 2
1345 7
1359 7
1363 6
1370 7
1374 7
1381 2
1382 6
1385 6
1391 6
1398 7
1404 7
1419 6
1423 6
1445 6
1446 6
1455 6
1473 2
1477 6
1485 2
1487 2
1488 6
1494 6
1496 2
1499 2
1502 6
1511 2
1513 2
1519 2
1521 2
1523 2
1524 2
1526 2
1529 6
1532 2
1533 2
1534 2
1535 8
1541 2
1543 2
1544 2
1545 7
1546 2
1549 2
1550 2
1551 2
1555 2
1558 2
1562 7
1564 7
1570 2
1577 2
1578 2
1581 10
1583 2
1598 2
1600 2
1603 2
1630 0
1646 3
1647 3
1716 3
1730 0
1757 0
1779 2
1805 3
1807 2
1809 2
1812 2
1832 2
1833 2
1839 2
1841 2
1846 2
1850 2
1897 6
1899 6
1901 6
1936 7
1937 2
1941 7
1944 6
1955 7
1977 6
1984 2
1988 2
2004 7
